{
 "cells": [
  {
   "cell_type": "code",
   "execution_count": 1,
   "metadata": {},
   "outputs": [
    {
     "name": "stderr",
     "output_type": "stream",
     "text": [
      "C:\\Tools\\Anaconda3\\lib\\site-packages\\gensim\\utils.py:1197: UserWarning: detected Windows; aliasing chunkize to chunkize_serial\n",
      "  warnings.warn(\"detected Windows; aliasing chunkize to chunkize_serial\")\n",
      "Building prefix dict from the default dictionary ...\n",
      "Loading model from cache C:\\Users\\ADMINI~1\\AppData\\Local\\Temp\\jieba.cache\n"
     ]
    },
    {
     "name": "stdout",
     "output_type": "stream",
     "text": [
      "['0', '1', '10', '11', '12', '13', '14', '15', '16', '17', '18', '19', '2', '20', '21', '22', '23', '24', '25', '26', '27', '28', '29', '3', '30', '4', '5', '6', '7', '8', '9']\n"
     ]
    },
    {
     "name": "stderr",
     "output_type": "stream",
     "text": [
      "Loading model cost 1.156 seconds.\n",
      "Prefix dict has been built succesfully.\n"
     ]
    },
    {
     "name": "stdout",
     "output_type": "stream",
     "text": [
      "Wall time: 556 ms\n",
      "(300,)\n"
     ]
    },
    {
     "data": {
      "text/plain": [
       "[('融合', 0.9983683228492737),\n",
       " ('获取', 0.9982103109359741),\n",
       " ('海量', 0.9981887340545654),\n",
       " ('更好', 0.9981241226196289),\n",
       " ('科学', 0.9979815483093262)]"
      ]
     },
     "execution_count": 1,
     "metadata": {},
     "output_type": "execute_result"
    }
   ],
   "source": [
    "#词条相似度：word2vec\n",
    "\n",
    "# 初始化word2vec模型和词表\n",
    "#1.设置word2vec模型\n",
    "from gensim.models.word2vec import Word2Vec\n",
    "from MyDataFrame import MyDataFrame\n",
    "mdf = MyDataFrame()\n",
    "df = mdf.new_DataFrame()\n",
    "df2 = mdf.m_cut(df)\n",
    "\n",
    "n_dim = 300 # 指定向量维度，大样本量时300~500较好\n",
    "w2vmodel = Word2Vec(size = n_dim, min_count = 10)\n",
    "w2vmodel.build_vocab(df2.fenci) # 生成词表\n",
    "w2vmodel\n",
    "\n",
    "#2.对word2vec模型进行训练\n",
    "# 在评论训练集上建模（大数据集时可能会花费几分钟）\n",
    "%time w2vmodel.train(df2.fenci,total_examples = w2vmodel.corpus_count, epochs = 10)# 本例消耗内存较少\n",
    "# 训练完毕的模型实质\n",
    "w2vmodel.save('C:/EdmsData/w2vmodel.txt')#w2v模型的保存\n",
    "print(w2vmodel.wv[\"数据挖掘\"].shape)#(300,)\n",
    "w2vmodel.wv[\"数据挖掘\"]\n",
    "w2vmodel.wv.most_similar(\"数据挖掘\")#词向量间的相似度\n",
    "# 寻找对应关系\n",
    "w2vmodel.wv.most_similar(['数据', '挖掘'], ['数据'], topn = 5)"
   ]
  },
  {
   "cell_type": "code",
   "execution_count": 22,
   "metadata": {},
   "outputs": [
    {
     "name": "stdout",
     "output_type": "stream",
     "text": [
      "['0', '1', '10', '11', '12', '13', '14', '15', '16', '17', '18', '19', '2', '20', '21', '22', '23', '24', '25', '26', '27', '28', '29', '3', '30', '4', '5', '6', '7', '8', '9']\n"
     ]
    },
    {
     "data": {
      "text/plain": [
       "[(13, 0.014236408),\n",
       " (0, 0.0095406994),\n",
       " (1, 0.0095406994),\n",
       " (2, 0.0),\n",
       " (3, 0.0),\n",
       " (4, 0.0),\n",
       " (5, 0.0),\n",
       " (6, 0.0),\n",
       " (7, 0.0),\n",
       " (8, 0.0),\n",
       " (9, 0.0),\n",
       " (10, 0.0),\n",
       " (11, 0.0),\n",
       " (12, 0.0),\n",
       " (14, 0.0),\n",
       " (15, 0.0),\n",
       " (16, 0.0),\n",
       " (17, 0.0),\n",
       " (18, 0.0),\n",
       " (19, 0.0),\n",
       " (20, 0.0),\n",
       " (21, 0.0),\n",
       " (22, 0.0),\n",
       " (23, 0.0),\n",
       " (24, 0.0),\n",
       " (25, 0.0),\n",
       " (26, 0.0),\n",
       " (27, 0.0),\n",
       " (28, 0.0),\n",
       " (29, 0.0),\n",
       " (30, 0.0)]"
      ]
     },
     "execution_count": 22,
     "metadata": {},
     "output_type": "execute_result"
    }
   ],
   "source": [
    "#文档相似度\n",
    "#1.基于词袋模型计算--sklearn实现\n",
    "from ToMatrix import ToMatrix\n",
    "tm = ToMatrix()\n",
    "res = tm.tocountvec()\n",
    "\n",
    "from sklearn.metrics.pairwise import pairwise_distances\n",
    "\n",
    "#print(pairwise_distances(res, metric = 'cosine'))#数组，里面是list of list\n",
    "#print(pairwise_distances(res))# 默认值为euclidean，欧式空间距离\n",
    "\n",
    "# 使用TF-IDF矩阵进行相似度计算\n",
    "#pairwise_distances(tfidf[:5], metric = 'cosine')\n",
    "\n",
    "\n",
    "from gensim.models.ldamodel import LdaModel\n",
    "#2.gensim实现\n",
    "from gensim import similarities\n",
    "from MyDataFrame import MyDataFrame\n",
    "mdf = MyDataFrame()\n",
    "df = mdf.new_DataFrame()\n",
    "df2 = mdf.m_cut(df)\n",
    "filelist=[]\n",
    "for i in range(len(df2)):\n",
    "    filelist.append(df2['fenci'][i])\n",
    "#生成文档对应的字典和bow稀疏矩阵\n",
    "from gensim import corpora, models  \n",
    "\n",
    "dictionary = corpora.Dictionary(filelist) \n",
    "corpus = [dictionary.doc2bow(text) for text in filelist]\n",
    "\n",
    "simmtx = similarities.MatrixSimilarity(corpus)\n",
    "simmtx#相似矩阵\n",
    "\n",
    "#基于LDA计算余弦相似度\n",
    "simmtx.index[:2]\n",
    "# 使用gensim的LDA拟合结果进行演示\n",
    "query_bow = dictionary.doc2bow(df2['fenci'][0]) # 频数向量\n",
    "ldamodel = LdaModel(corpus, id2word = dictionary, num_topics = 20, passes = 20)#拟合的好，最大值接近1\n",
    "lda_vec = ldamodel[query_bow] # 转换为lda模型下的向量\n",
    "sims = simmtx[lda_vec] # 进行矩阵内向量和所提供向量的余弦相似度查询\n",
    "sims = sorted(enumerate(sims), key=lambda item: -item[1])\n",
    "sims"
   ]
  },
  {
   "cell_type": "code",
   "execution_count": 10,
   "metadata": {},
   "outputs": [
    {
     "name": "stdout",
     "output_type": "stream",
     "text": [
      "['2009_2016年云南省医疗机构消毒灭菌效果趋势评价_李建云_周晓梅', '_一带一路_背景下_国际投资_课_省略_路径探析_以广西民族师范学院为例_郑国富', '三级医院医疗检查结果互认实施现状及影响因素分析_肖晓华_廖惠_梁恒斌_潘振威_苏', '不同等级医院医疗检查结果互认标准研究_肖晓华_谢欣睿_梁恒斌_廖惠_潘振威_苏茹', '乡村振兴战略下环巢湖休闲农业发展研究_沈东生', '二三级医院影像学检查结果互认现状及影响因素研究_肖晓华_苏茹茹_潘振威_廖惠_梁', '关于建筑工程管理的影响因素分析与对策探讨_王君霞_战丙利', '关于彰武县做好互换并地后续工作的建议_张凤华', '关于深化河北省农业水价综合改革的对策建议_马素英', '农村非正规金融发展与农村多维贫困_基于面板门槛模型的研究_吴君娴_黄永兴', '医师多点执业对医院人力资源管理的影响_张妍_李吉', '协同创新优化现代高效农业组织结构_王瑜', '县级公立医院患者体验的影响因素研究_朱锦_胡丹_陈家应', '双创背景下大学生农业创业融资问题探析_王涛_白林_齐骥霆', '吉林省农村金融发展状况及对策研究_孙铁柱', '国家重点研发计划_畜禽_专项立项特征研究_姜玮', '地方高校工科专业课程教学模式改革_省略_临沂大学_大气污染控制工程_为例_马宏卿', '基于大数据的商业智能在电商数据分析中的应用_钱丹丹', '基于数据挖掘技术的档案馆信息快速分析算法研究_甘璐', '基于数据挖掘的电影票房分析_席稼玮', '基于机器视觉和机器学习技术的鸡胴体质量自动分级方法研究_戚超', '工程教育专业认证下自动化专业实践教学体系的构建_黄宜庆_陆华才', '工程造价指数与工程造价动态管理刍议_孙静', '广西综合医院新生儿病房分级建设和能力建设现状调查_胡琴燕_韦琴_黄晓波_杨少丽_', '应用型高校金融学课程教学改革研究_邓旭霞', '建筑工程施工管理及创新技术的应用研究_侯帅', '建筑工程施工管理的进度管理与控制_吕萌', '建筑结构设计中的抗震结构设计理念_马玉洁', '建筑门窗用硅烷改性聚醚胶的性能与应用研究_杨苏邯_陈洋庆_陈建军_龙飞_蒋金博_', '我国医疗检查结果互认制度实施现状_肖晓华_梁恒斌_谢欣睿_苏茹茹_孙刚', '数据挖掘技术在语音识别中的应用_许元洪_郭琼', '数据挖掘技术在风力发电中的应用综述_曾文珺', '智能建筑电气安装工程质量控制要点解析_张凯_张振玉', '河北省高校大学生创业支持体系优化研究_何腾霄_王丽媛_白欣蕊_冯华_李姗姗', '浅析建筑道桥的施工成本把控现状及解决对策_温秀红', '浅析机械设计制造及其自动化中计算机技术的应用_郑宏栗', '浅谈洛阳地区窑居建筑通风采光设计策略_周亚豪_赵余光_梁文涛_陈奕甫_杨梦辉', '浙江医疗卫生服务领域_最多跑一次_改革政策分析_胡重明', '电力文本数据挖掘现状及挑战_王慧芳', '绥化市农业电子商务发展模式研究_余娟_赵艳_孙晓_李冰_张云晖', '耕地资源富集区县域贫困格局及其影响机制_以黑龙江省兰西县为例_杜国明', '芬兰教育的核心竞争力_高质量的教师队伍_刘蕊', '药品零加成背景下县级公立医院绩效改革困境_刘丽杭_陶飞旸', '藜麦营养功能与开发利用进展_王启明', '解析装配式建筑工程施工过程中BIM技术的应用_刘志文', '辽宁省特色人才培养模式研究_郭晓林_徐靓', '遗传算法的数据挖掘技术在医疗大数据中的应用研究_陈萌', '面向调度运行分析的电网数据分析与挖掘_张英华', '高校大学生就业指导中的思想政治教育研究_张梦君', '高校油画专业课堂教学改革探究_舒文鑫']\n",
      "Wall time: 112 ms\n",
      "(32, 0.1463063657283783)\n",
      "2009_2016年云南省医疗机构消毒灭菌效果趋势评价_李建云_周晓梅\n",
      "(33, 0.10425852239131927)\n",
      "_一带一路_背景下_国际投资_课_省略_路径探析_以广西民族师范学院为例_郑国富\n",
      "(23, 0.09142950922250748)\n",
      "三级医院医疗检查结果互认实施现状及影响因素分析_肖晓华_廖惠_梁恒斌_潘振威_苏\n",
      "(12, 0.09024980664253235)\n",
      "不同等级医院医疗检查结果互认标准研究_肖晓华_谢欣睿_梁恒斌_廖惠_潘振威_苏茹\n",
      "(25, 0.08876943588256836)\n",
      "乡村振兴战略下环巢湖休闲农业发展研究_沈东生\n",
      "(15, 0.07329414039850235)\n",
      "二三级医院影像学检查结果互认现状及影响因素研究_肖晓华_苏茹茹_潘振威_廖惠_梁\n",
      "(9, 0.0644044280052185)\n",
      "关于建筑工程管理的影响因素分析与对策探讨_王君霞_战丙利\n",
      "(5, 0.05808491259813309)\n",
      "关于彰武县做好互换并地后续工作的建议_张凤华\n",
      "(28, 0.05788002163171768)\n",
      "关于深化河北省农业水价综合改革的对策建议_马素英\n",
      "(29, 0.054040003567934036)\n",
      "农村非正规金融发展与农村多维贫困_基于面板门槛模型的研究_吴君娴_黄永兴\n"
     ]
    }
   ],
   "source": [
    "#doc2vec\n",
    "\n",
    "import jieba \n",
    "import gensim\n",
    "from gensim.models import doc2vec\n",
    "\n",
    "from MyDataFrame import MyDataFrame\n",
    "mdf = MyDataFrame()\n",
    "df = mdf.new_DataFrame()\n",
    "df2 = mdf.m_cut(df)\n",
    "\n",
    "def m_doc(doclist):\n",
    "    reslist = []\n",
    "    for i, doc in enumerate(doclist):\n",
    "        reslist.append(doc2vec.TaggedDocument(doc, [i]))\n",
    "    return reslist\n",
    "\n",
    "corp = m_doc(df2.fenci)\n",
    "corp[:2]\n",
    "\n",
    "d2vmodel = gensim.models.Doc2Vec(vector_size = 300, window = 20, min_count = 5)\n",
    "%time d2vmodel.build_vocab(corp) #52s\n",
    "d2vmodel.wv.vocab #dict\n",
    "\n",
    "# 将新文本转换为相应维度空间下的向量\n",
    "newvec = d2vmodel.infer_vector(df2.fenci[0])\n",
    "simfile = d2vmodel.docvecs.most_similar([newvec], topn = 10)\n",
    "for i in range(len(simfile)):\n",
    "    print(simfile[i])\n",
    "    a,b = simfile[i]\n",
    "    print(df.filename[i])"
   ]
  },
  {
   "cell_type": "code",
   "execution_count": 4,
   "metadata": {},
   "outputs": [
    {
     "name": "stdout",
     "output_type": "stream",
     "text": [
      "['2009_2016年云南省医疗机构消毒灭菌效果趋势评价_李建云_周晓梅', '_一带一路_背景下_国际投资_课_省略_路径探析_以广西民族师范学院为例_郑国富', '三级医院医疗检查结果互认实施现状及影响因素分析_肖晓华_廖惠_梁恒斌_潘振威_苏', '不同等级医院医疗检查结果互认标准研究_肖晓华_谢欣睿_梁恒斌_廖惠_潘振威_苏茹', '乡村振兴战略下环巢湖休闲农业发展研究_沈东生', '二三级医院影像学检查结果互认现状及影响因素研究_肖晓华_苏茹茹_潘振威_廖惠_梁', '关于建筑工程管理的影响因素分析与对策探讨_王君霞_战丙利', '关于彰武县做好互换并地后续工作的建议_张凤华', '关于深化河北省农业水价综合改革的对策建议_马素英', '农村非正规金融发展与农村多维贫困_基于面板门槛模型的研究_吴君娴_黄永兴', '医师多点执业对医院人力资源管理的影响_张妍_李吉', '协同创新优化现代高效农业组织结构_王瑜', '县级公立医院患者体验的影响因素研究_朱锦_胡丹_陈家应', '双创背景下大学生农业创业融资问题探析_王涛_白林_齐骥霆', '吉林省农村金融发展状况及对策研究_孙铁柱', '国家重点研发计划_畜禽_专项立项特征研究_姜玮', '地方高校工科专业课程教学模式改革_省略_临沂大学_大气污染控制工程_为例_马宏卿', '基于大数据的商业智能在电商数据分析中的应用_钱丹丹', '基于数据挖掘技术的档案馆信息快速分析算法研究_甘璐', '基于数据挖掘的电影票房分析_席稼玮', '基于机器视觉和机器学习技术的鸡胴体质量自动分级方法研究_戚超', '工程教育专业认证下自动化专业实践教学体系的构建_黄宜庆_陆华才', '工程造价指数与工程造价动态管理刍议_孙静', '广西综合医院新生儿病房分级建设和能力建设现状调查_胡琴燕_韦琴_黄晓波_杨少丽_', '应用型高校金融学课程教学改革研究_邓旭霞', '建筑工程施工管理及创新技术的应用研究_侯帅', '建筑工程施工管理的进度管理与控制_吕萌', '建筑结构设计中的抗震结构设计理念_马玉洁', '建筑门窗用硅烷改性聚醚胶的性能与应用研究_杨苏邯_陈洋庆_陈建军_龙飞_蒋金博_', '我国医疗检查结果互认制度实施现状_肖晓华_梁恒斌_谢欣睿_苏茹茹_孙刚', '数据挖掘技术在语音识别中的应用_许元洪_郭琼', '数据挖掘技术在风力发电中的应用综述_曾文珺', '智能建筑电气安装工程质量控制要点解析_张凯_张振玉', '河北省高校大学生创业支持体系优化研究_何腾霄_王丽媛_白欣蕊_冯华_李姗姗', '浅析建筑道桥的施工成本把控现状及解决对策_温秀红', '浅析机械设计制造及其自动化中计算机技术的应用_郑宏栗', '浅谈洛阳地区窑居建筑通风采光设计策略_周亚豪_赵余光_梁文涛_陈奕甫_杨梦辉', '浙江医疗卫生服务领域_最多跑一次_改革政策分析_胡重明', '电力文本数据挖掘现状及挑战2', '电力文本数据挖掘现状及挑战_王慧芳', '绥化市农业电子商务发展模式研究_余娟_赵艳_孙晓_李冰_张云晖', '耕地资源富集区县域贫困格局及其影响机制_以黑龙江省兰西县为例_杜国明', '芬兰教育的核心竞争力_高质量的教师队伍_刘蕊', '药品零加成背景下县级公立医院绩效改革困境_刘丽杭_陶飞旸', '藜麦营养功能与开发利用进展_王启明', '解析装配式建筑工程施工过程中BIM技术的应用_刘志文', '辽宁省特色人才培养模式研究_郭晓林_徐靓', '遗传算法的数据挖掘技术在医疗大数据中的应用研究_陈萌', '面向调度运行分析的电网数据分析与挖掘_张英华', '高校大学生就业指导中的思想政治教育研究_张梦君', '高校油画专业课堂教学改革探究_舒文鑫']\n",
      "KMeans(algorithm='auto', copy_x=True, init='k-means++', max_iter=300,\n",
      "    n_clusters=5, n_init=10, n_jobs=1, precompute_distances='auto',\n",
      "    random_state=None, tol=0.0001, verbose=0)\n",
      "[[ 0.00172426  0.01292063  0.05932087 ...,  0.          0.00374944  0.        ]\n",
      " [ 0.          0.01401623  0.00503089 ...,  0.          0.          0.00290806]\n",
      " [ 0.00621702  0.00743889  0.         ...,  0.0130851   0.00417858\n",
      "   0.02047054]\n",
      " [ 0.00490539  0.00275323  0.01396878 ...,  0.00536528  0.00883981\n",
      "   0.00681648]\n",
      " [ 0.01202802  0.00570056  0.         ...,  0.00248152  0.00249549\n",
      "   0.00255977]]\n",
      "(5, 474)\n",
      "[3 2 3 3 4 3 1 4 4 4 3 4 3 2 4 2 2 0 0 0 0 2 1 3 2 1 1 1 1 3 0 0 1 2 1 2 1\n",
      " 3 0 0 4 4 2 3 0 1 2 0 0 2 2]\n",
      "['2009_2016年云南省医疗机构消毒灭菌效果趋势评价_李建云_周晓梅', '_一带一路_背景下_国际投资_课_省略_路径探析_以广西民族师范学院为例_郑国富', '三级医院医疗检查结果互认实施现状及影响因素分析_肖晓华_廖惠_梁恒斌_潘振威_苏', '不同等级医院医疗检查结果互认标准研究_肖晓华_谢欣睿_梁恒斌_廖惠_潘振威_苏茹', '乡村振兴战略下环巢湖休闲农业发展研究_沈东生', '二三级医院影像学检查结果互认现状及影响因素研究_肖晓华_苏茹茹_潘振威_廖惠_梁', '关于建筑工程管理的影响因素分析与对策探讨_王君霞_战丙利', '关于彰武县做好互换并地后续工作的建议_张凤华', '关于深化河北省农业水价综合改革的对策建议_马素英', '农村非正规金融发展与农村多维贫困_基于面板门槛模型的研究_吴君娴_黄永兴', '医师多点执业对医院人力资源管理的影响_张妍_李吉', '协同创新优化现代高效农业组织结构_王瑜', '县级公立医院患者体验的影响因素研究_朱锦_胡丹_陈家应', '双创背景下大学生农业创业融资问题探析_王涛_白林_齐骥霆', '吉林省农村金融发展状况及对策研究_孙铁柱', '国家重点研发计划_畜禽_专项立项特征研究_姜玮', '地方高校工科专业课程教学模式改革_省略_临沂大学_大气污染控制工程_为例_马宏卿', '基于大数据的商业智能在电商数据分析中的应用_钱丹丹', '基于数据挖掘技术的档案馆信息快速分析算法研究_甘璐', '基于数据挖掘的电影票房分析_席稼玮', '基于机器视觉和机器学习技术的鸡胴体质量自动分级方法研究_戚超', '工程教育专业认证下自动化专业实践教学体系的构建_黄宜庆_陆华才', '工程造价指数与工程造价动态管理刍议_孙静', '广西综合医院新生儿病房分级建设和能力建设现状调查_胡琴燕_韦琴_黄晓波_杨少丽_', '应用型高校金融学课程教学改革研究_邓旭霞', '建筑工程施工管理及创新技术的应用研究_侯帅', '建筑工程施工管理的进度管理与控制_吕萌', '建筑结构设计中的抗震结构设计理念_马玉洁', '建筑门窗用硅烷改性聚醚胶的性能与应用研究_杨苏邯_陈洋庆_陈建军_龙飞_蒋金博_', '我国医疗检查结果互认制度实施现状_肖晓华_梁恒斌_谢欣睿_苏茹茹_孙刚', '数据挖掘技术在语音识别中的应用_许元洪_郭琼', '数据挖掘技术在风力发电中的应用综述_曾文珺', '智能建筑电气安装工程质量控制要点解析_张凯_张振玉', '河北省高校大学生创业支持体系优化研究_何腾霄_王丽媛_白欣蕊_冯华_李姗姗', '浅析建筑道桥的施工成本把控现状及解决对策_温秀红', '浅析机械设计制造及其自动化中计算机技术的应用_郑宏栗', '浅谈洛阳地区窑居建筑通风采光设计策略_周亚豪_赵余光_梁文涛_陈奕甫_杨梦辉', '浙江医疗卫生服务领域_最多跑一次_改革政策分析_胡重明', '电力文本数据挖掘现状及挑战2', '电力文本数据挖掘现状及挑战_王慧芳', '绥化市农业电子商务发展模式研究_余娟_赵艳_孙晓_李冰_张云晖', '耕地资源富集区县域贫困格局及其影响机制_以黑龙江省兰西县为例_杜国明', '芬兰教育的核心竞争力_高质量的教师队伍_刘蕊', '药品零加成背景下县级公立医院绩效改革困境_刘丽杭_陶飞旸', '藜麦营养功能与开发利用进展_王启明', '解析装配式建筑工程施工过程中BIM技术的应用_刘志文', '辽宁省特色人才培养模式研究_郭晓林_徐靓', '遗传算法的数据挖掘技术在医疗大数据中的应用研究_陈萌', '面向调度运行分析的电网数据分析与挖掘_张英华', '高校大学生就业指导中的思想政治教育研究_张梦君', '高校油画专业课堂教学改革探究_舒文鑫']\n",
      "['数据挖掘', '文本', '算法', '数据', '缺陷', '文本挖掘', '模型', '电力', '聚类', '方法']\n",
      "['施工', '建筑', '密封胶', '建筑工程', '管理', '道桥', '工程造价', '质量', '硅烷', '成本']\n",
      "['创业', '教学', '教育', '高校', '大学生', '学生', '课程', '实践', '教师', '创新']\n",
      "['医院', '医疗', '互认', '检查', '患者', '新生儿', '医疗机构', '服务', '公立医院', '三级']\n",
      "['贫困', '农业', '农村', '耕地', '非正规', '农户', '发展', '水价', '巢湖', '休闲']\n"
     ]
    }
   ],
   "source": [
    "#文档聚类\n",
    "# 进行聚类分析\n",
    "from sklearn.cluster import KMeans  \n",
    "\n",
    "from ToMatrix import ToMatrix\n",
    "\n",
    "tm = ToMatrix()\n",
    "tfidf = tm.totfidf()\n",
    "\n",
    "clf = KMeans(n_clusters = 5)#聚为5类\n",
    "s = clf.fit(tfidf)  #通过tfidf弱化控件距离问题\n",
    "print(s)\n",
    "print(clf.cluster_centers_)\n",
    "print(clf.cluster_centers_.shape)\n",
    "print(clf.labels_)\n",
    "\n",
    "from MyDataFrame import MyDataFrame\n",
    "mdf = MyDataFrame()\n",
    "df = mdf.new_DataFrame()\n",
    "\n",
    "df['clsres'] = clf.labels_\n",
    "df.head(30)\n",
    "\n",
    "df.sort_values('clsres').clsres\n",
    "\n",
    "import pandas as pd\n",
    "import jieba\n",
    "dfgrp = df.groupby('clsres')\n",
    "dfcls = dfgrp.agg(sum) # 只有字符串列的情况下，sum函数自动转为合并字符串\n",
    "stoplist = list(pd.read_csv('C:/TMdata/stopwords.txt',names=['w'],sep='aaa',encoding='utf-8',engine='python').w)\n",
    "def m_cut(intxt):\n",
    "    return [ w for w in jieba.cut(intxt) \n",
    "            if w not in stoplist and len(w) > 1 ] \n",
    "    \n",
    "cuttxt = lambda x: \" \".join(m_cut(x)) \n",
    "dfclsres = dfcls.content.apply(cuttxt) \n",
    "dfclsres\n",
    "# 列出关键词以刻画类别特征\n",
    "import jieba.analyse as ana\n",
    "ana.set_stop_words('C:/TMdata/stopwords.txt')\n",
    "for item in dfclsres:\n",
    "    print(ana.extract_tags(item, topK = 10))"
   ]
  },
  {
   "cell_type": "code",
   "execution_count": null,
   "metadata": {
    "collapsed": true
   },
   "outputs": [],
   "source": []
  },
  {
   "cell_type": "code",
   "execution_count": 31,
   "metadata": {},
   "outputs": [
    {
     "name": "stdout",
     "output_type": "stream",
     "text": [
      "['0', '1', '10', '11', '12', '13', '14', '15', '16', '17', '18', '19', '2', '20', '21', '22', '23', '24', '25', '26', '27', '28', '29', '3', '30', '4', '5', '6', '7', '8', '9']\n"
     ]
    },
    {
     "ename": "TypeError",
     "evalue": "doc2bow expects an array of unicode tokens on input, not a single string",
     "output_type": "error",
     "traceback": [
      "\u001b[1;31m---------------------------------------------------------------------------\u001b[0m",
      "\u001b[1;31mTypeError\u001b[0m                                 Traceback (most recent call last)",
      "\u001b[1;32m<ipython-input-31-16ec28c5dc2b>\u001b[0m in \u001b[0;36m<module>\u001b[1;34m()\u001b[0m\n\u001b[0;32m     27\u001b[0m \u001b[1;33m\u001b[0m\u001b[0m\n\u001b[0;32m     28\u001b[0m \u001b[1;33m\u001b[0m\u001b[0m\n\u001b[1;32m---> 29\u001b[1;33m \u001b[0mdictionary1\u001b[0m \u001b[1;33m=\u001b[0m \u001b[0mcorpora\u001b[0m\u001b[1;33m.\u001b[0m\u001b[0mDictionary\u001b[0m\u001b[1;33m(\u001b[0m\u001b[0mdf2\u001b[0m\u001b[1;33m[\u001b[0m\u001b[1;34m'fenci'\u001b[0m\u001b[1;33m]\u001b[0m\u001b[1;33m[\u001b[0m\u001b[1;36m0\u001b[0m\u001b[1;33m]\u001b[0m\u001b[1;33m)\u001b[0m\u001b[1;33m\u001b[0m\u001b[0m\n\u001b[0m\u001b[0;32m     30\u001b[0m \u001b[0mcor1\u001b[0m \u001b[1;33m=\u001b[0m \u001b[0mdictionary1\u001b[0m\u001b[1;33m.\u001b[0m\u001b[0mdoc2bow\u001b[0m\u001b[1;33m(\u001b[0m\u001b[0mdf2\u001b[0m\u001b[1;33m[\u001b[0m\u001b[1;34m'fenci'\u001b[0m\u001b[1;33m]\u001b[0m\u001b[1;33m[\u001b[0m\u001b[1;36m0\u001b[0m\u001b[1;33m]\u001b[0m\u001b[1;33m)\u001b[0m\u001b[1;33m\u001b[0m\u001b[0m\n\u001b[0;32m     31\u001b[0m \u001b[0mtfidf_model1\u001b[0m \u001b[1;33m=\u001b[0m \u001b[0mmodels\u001b[0m\u001b[1;33m.\u001b[0m\u001b[0mTfidfModel\u001b[0m\u001b[1;33m(\u001b[0m\u001b[0mcor1\u001b[0m\u001b[1;33m)\u001b[0m\u001b[1;31m#建立TF-IDF模型\u001b[0m\u001b[1;33m\u001b[0m\u001b[0m\n",
      "\u001b[1;32mC:\\Tools\\Anaconda3\\lib\\site-packages\\gensim\\corpora\\dictionary.py\u001b[0m in \u001b[0;36m__init__\u001b[1;34m(self, documents, prune_at)\u001b[0m\n\u001b[0;32m     77\u001b[0m \u001b[1;33m\u001b[0m\u001b[0m\n\u001b[0;32m     78\u001b[0m         \u001b[1;32mif\u001b[0m \u001b[0mdocuments\u001b[0m \u001b[1;32mis\u001b[0m \u001b[1;32mnot\u001b[0m \u001b[1;32mNone\u001b[0m\u001b[1;33m:\u001b[0m\u001b[1;33m\u001b[0m\u001b[0m\n\u001b[1;32m---> 79\u001b[1;33m             \u001b[0mself\u001b[0m\u001b[1;33m.\u001b[0m\u001b[0madd_documents\u001b[0m\u001b[1;33m(\u001b[0m\u001b[0mdocuments\u001b[0m\u001b[1;33m,\u001b[0m \u001b[0mprune_at\u001b[0m\u001b[1;33m=\u001b[0m\u001b[0mprune_at\u001b[0m\u001b[1;33m)\u001b[0m\u001b[1;33m\u001b[0m\u001b[0m\n\u001b[0m\u001b[0;32m     80\u001b[0m \u001b[1;33m\u001b[0m\u001b[0m\n\u001b[0;32m     81\u001b[0m     \u001b[1;32mdef\u001b[0m \u001b[0m__getitem__\u001b[0m\u001b[1;33m(\u001b[0m\u001b[0mself\u001b[0m\u001b[1;33m,\u001b[0m \u001b[0mtokenid\u001b[0m\u001b[1;33m)\u001b[0m\u001b[1;33m:\u001b[0m\u001b[1;33m\u001b[0m\u001b[0m\n",
      "\u001b[1;32mC:\\Tools\\Anaconda3\\lib\\site-packages\\gensim\\corpora\\dictionary.py\u001b[0m in \u001b[0;36madd_documents\u001b[1;34m(self, documents, prune_at)\u001b[0m\n\u001b[0;32m    193\u001b[0m \u001b[1;33m\u001b[0m\u001b[0m\n\u001b[0;32m    194\u001b[0m             \u001b[1;31m# update Dictionary with the document\u001b[0m\u001b[1;33m\u001b[0m\u001b[1;33m\u001b[0m\u001b[0m\n\u001b[1;32m--> 195\u001b[1;33m             \u001b[0mself\u001b[0m\u001b[1;33m.\u001b[0m\u001b[0mdoc2bow\u001b[0m\u001b[1;33m(\u001b[0m\u001b[0mdocument\u001b[0m\u001b[1;33m,\u001b[0m \u001b[0mallow_update\u001b[0m\u001b[1;33m=\u001b[0m\u001b[1;32mTrue\u001b[0m\u001b[1;33m)\u001b[0m  \u001b[1;31m# ignore the result, here we only care about updating token ids\u001b[0m\u001b[1;33m\u001b[0m\u001b[0m\n\u001b[0m\u001b[0;32m    196\u001b[0m \u001b[1;33m\u001b[0m\u001b[0m\n\u001b[0;32m    197\u001b[0m         logger.info(\n",
      "\u001b[1;32mC:\\Tools\\Anaconda3\\lib\\site-packages\\gensim\\corpora\\dictionary.py\u001b[0m in \u001b[0;36mdoc2bow\u001b[1;34m(self, document, allow_update, return_missing)\u001b[0m\n\u001b[0;32m    231\u001b[0m         \"\"\"\n\u001b[0;32m    232\u001b[0m         \u001b[1;32mif\u001b[0m \u001b[0misinstance\u001b[0m\u001b[1;33m(\u001b[0m\u001b[0mdocument\u001b[0m\u001b[1;33m,\u001b[0m \u001b[0mstring_types\u001b[0m\u001b[1;33m)\u001b[0m\u001b[1;33m:\u001b[0m\u001b[1;33m\u001b[0m\u001b[0m\n\u001b[1;32m--> 233\u001b[1;33m             \u001b[1;32mraise\u001b[0m \u001b[0mTypeError\u001b[0m\u001b[1;33m(\u001b[0m\u001b[1;34m\"doc2bow expects an array of unicode tokens on input, not a single string\"\u001b[0m\u001b[1;33m)\u001b[0m\u001b[1;33m\u001b[0m\u001b[0m\n\u001b[0m\u001b[0;32m    234\u001b[0m \u001b[1;33m\u001b[0m\u001b[0m\n\u001b[0;32m    235\u001b[0m         \u001b[1;31m# Construct (word, frequency) mapping.\u001b[0m\u001b[1;33m\u001b[0m\u001b[1;33m\u001b[0m\u001b[0m\n",
      "\u001b[1;31mTypeError\u001b[0m: doc2bow expects an array of unicode tokens on input, not a single string"
     ]
    }
   ],
   "source": [
    "from gensim.models.ldamodel import LdaModel\n",
    "#2.gensim实现\n",
    "from gensim import similarities\n",
    "from MyDataFrame import MyDataFrame\n",
    "mdf = MyDataFrame()\n",
    "df = mdf.new_DataFrame()\n",
    "df2 = mdf.m_cut(df)\n",
    "\n",
    "filelist=[]\n",
    "for i in range(len(df2)):\n",
    "    filelist.append(df2['fenci'][i])\n",
    "#生成文档对应的字典和bow稀疏矩阵\n",
    "from gensim import corpora, models  \n",
    "\n",
    "dictionary = corpora.Dictionary(filelist)  \n",
    "corpus = [dictionary.doc2bow(text) for text in filelist] # 仍为list in list  \n",
    "\n",
    "tfidf_model = models.TfidfModel(corpus)#建立TF-IDF模型\n",
    "corpus_tfidf = tfidf_model[corpus]#对所需文档计算TF-IDF结果\n",
    "\n",
    "simmtx = similarities.MatrixSimilarity(corpus_tfidf)\n",
    "simmtx#相似矩阵\n",
    "\n",
    "#基于LDA计算余弦相似度\n",
    "\n",
    "# 使用gensim的LDA拟合结果进行演示\n",
    "\n",
    "\n",
    "dictionary1 = corpora.Dictionary(df2['fenci'][0])  \n",
    "cor1 = dictionary1.doc2bow(df2['fenci'][0])\n",
    "tfidf_model1 = models.TfidfModel(cor1)#建立TF-IDF模型\n",
    "corpus_tfidf1 = tfidf_model1[cor1]#对所需文档计算TF-IDF结果\n",
    "query_bow = corpus_tfidf1 # 频数向量\n",
    "\n",
    "ldamodel = models.ldamodel.LdaModel.load('C:/EdmsData/ldamodel.txt')#拟合的好，最大值接近1\n",
    "\n",
    "lda_vec = ldamodel[query_bow] # 转换为lda模型下的向量\n",
    "sims = simmtx[lda_vec] # 进行矩阵内向量和所提供向量的余弦相似度查询\n",
    "sims = sorted(enumerate(sims), key=lambda item: -item[1])\n",
    "sims"
   ]
  },
  {
   "cell_type": "code",
   "execution_count": 15,
   "metadata": {},
   "outputs": [
    {
     "name": "stdout",
     "output_type": "stream",
     "text": [
      "[[  0.00000000e+00   4.44089210e-16   7.75761547e-01   6.31403578e-01\n",
      "    7.82242251e-01   5.41794277e-01   8.10176159e-01   8.17638283e-01\n",
      "    6.86010196e-01   7.15065928e-01   6.19152106e-01   5.97668380e-01\n",
      "    6.25136199e-01   6.85830437e-01   5.93038821e-01   7.54842755e-01\n",
      "    5.22272650e-01   7.93444270e-01   4.83051942e-01   7.41869796e-01\n",
      "    3.83251731e-01   7.39684761e-01   7.37300452e-01   8.14384436e-01\n",
      "    8.08798370e-01   8.35949075e-01   7.13782581e-01   8.60194455e-01\n",
      "    7.94583336e-01   7.52978292e-01   6.76365505e-01]\n",
      " [  4.44089210e-16   0.00000000e+00   7.75761547e-01   6.31403578e-01\n",
      "    7.82242251e-01   5.41794277e-01   8.10176159e-01   8.17638283e-01\n",
      "    6.86010196e-01   7.15065928e-01   6.19152106e-01   5.97668380e-01\n",
      "    6.25136199e-01   6.85830437e-01   5.93038821e-01   7.54842755e-01\n",
      "    5.22272650e-01   7.93444270e-01   4.83051942e-01   7.41869796e-01\n",
      "    3.83251731e-01   7.39684761e-01   7.37300452e-01   8.14384436e-01\n",
      "    8.08798370e-01   8.35949075e-01   7.13782581e-01   8.60194455e-01\n",
      "    7.94583336e-01   7.52978292e-01   6.76365505e-01]\n",
      " [  7.75761547e-01   7.75761547e-01   0.00000000e+00   5.93867137e-01\n",
      "    3.08613648e-01   7.88856049e-01   3.77609201e-01   6.80072674e-01\n",
      "    4.48986329e-01   5.27804353e-01   3.84342480e-01   8.09714108e-01\n",
      "    5.67597733e-01   7.53896055e-01   5.61492583e-01   8.90336680e-01\n",
      "    6.14902236e-01   4.71576459e-01   8.06486991e-01   3.53547972e-01\n",
      "    7.70930756e-01   5.97395817e-01   5.43982489e-01   4.89890815e-01\n",
      "    5.67541827e-01   7.30847848e-01   4.56682665e-01   6.45785411e-01\n",
      "    7.57277852e-01   4.61544565e-01   5.46922480e-01]\n",
      " [  6.31403578e-01   6.31403578e-01   5.93867137e-01   0.00000000e+00\n",
      "    4.79315979e-01   6.49010824e-01   4.48211375e-01   6.67857797e-01\n",
      "    5.12229674e-01   5.37349034e-01   4.14502404e-01   5.87421852e-01\n",
      "    6.65447418e-01   4.06709881e-01   6.62350785e-01   6.37840062e-01\n",
      "    5.34480754e-01   4.77711232e-01   5.54396274e-01   4.83816830e-01\n",
      "    7.40973392e-01   4.45140696e-01   6.21718263e-01   4.36791662e-01\n",
      "    6.48626672e-01   5.40488642e-01   3.59537054e-01   6.25653208e-01\n",
      "    6.44839345e-01   4.08792111e-01   4.56597210e-01]\n",
      " [  7.82242251e-01   7.82242251e-01   3.08613648e-01   4.79315979e-01\n",
      "    0.00000000e+00   7.08784330e-01   1.90004981e-01   6.55594205e-01\n",
      "    1.72758749e-01   4.33514743e-01   1.87457583e-01   6.70111071e-01\n",
      "    6.65704978e-01   6.58153158e-01   3.74497979e-01   8.47258695e-01\n",
      "    5.19052877e-01   2.66355430e-01   6.53688134e-01   2.53967730e-01\n",
      "    7.00575504e-01   5.05302911e-01   4.36921621e-01   2.86321920e-01\n",
      "    4.71875629e-01   6.41256351e-01   3.49211622e-01   5.83058861e-01\n",
      "    7.27839325e-01   2.66425464e-01   4.04048505e-01]\n",
      " [  5.41794277e-01   5.41794277e-01   7.88856049e-01   6.49010824e-01\n",
      "    7.08784330e-01   0.00000000e+00   7.68456004e-01   8.25880351e-01\n",
      "    6.70210234e-01   7.80016062e-01   6.51942842e-01   5.55673918e-01\n",
      "    7.34129138e-01   6.56119135e-01   4.68366309e-01   5.61060430e-01\n",
      "    7.54499153e-01   6.50101247e-01   4.36681706e-01   7.87420678e-01\n",
      "    5.61506962e-01   8.06108791e-01   6.50586714e-01   8.31123971e-01\n",
      "    7.24354553e-01   8.19715220e-01   7.93693938e-01   9.05165697e-01\n",
      "    8.18744412e-01   7.36768900e-01   6.74413208e-01]\n",
      " [  8.10176159e-01   8.10176159e-01   3.77609201e-01   4.48211375e-01\n",
      "    1.90004981e-01   7.68456004e-01   0.00000000e+00   7.12889380e-01\n",
      "    2.94715716e-01   4.30277650e-01   2.94186725e-01   7.31763301e-01\n",
      "    5.99816810e-01   6.70763766e-01   5.18576137e-01   7.15654487e-01\n",
      "    5.12910623e-01   2.61012958e-01   7.58126302e-01   2.91333671e-01\n",
      "    6.53482636e-01   4.36110522e-01   5.30975438e-01   2.92671660e-01\n",
      "    6.05508408e-01   5.79818032e-01   3.46645111e-01   4.95639210e-01\n",
      "    6.62145791e-01   3.03034565e-01   4.11919479e-01]\n",
      " [  8.17638283e-01   8.17638283e-01   6.80072674e-01   6.67857797e-01\n",
      "    6.55594205e-01   8.25880351e-01   7.12889380e-01   0.00000000e+00\n",
      "    7.59218366e-01   5.58814227e-01   7.47327010e-01   7.76355384e-01\n",
      "    7.54484348e-01   7.83591410e-01   7.88897364e-01   8.78970926e-01\n",
      "    7.36158687e-01   7.95175617e-01   8.19322169e-01   6.55804297e-01\n",
      "    8.93703924e-01   5.97286056e-01   5.75073643e-01   8.13769971e-01\n",
      "    4.84106113e-01   7.76953384e-01   8.00497658e-01   7.42502997e-01\n",
      "    4.53778135e-01   6.84675450e-01   7.04323983e-01]\n",
      " [  6.86010196e-01   6.86010196e-01   4.48986329e-01   5.12229674e-01\n",
      "    1.72758749e-01   6.70210234e-01   2.94715716e-01   7.59218366e-01\n",
      "    0.00000000e+00   5.39492336e-01   2.25270302e-01   6.05243587e-01\n",
      "    7.16216476e-01   6.33298039e-01   3.42843268e-01   7.94181161e-01\n",
      "    4.79059619e-01   3.23126232e-01   5.56664010e-01   4.06158015e-01\n",
      "    6.92877716e-01   6.13334928e-01   5.19641376e-01   3.22557304e-01\n",
      "    6.45282472e-01   7.08531820e-01   4.13474954e-01   6.86368896e-01\n",
      "    7.89674668e-01   3.62444623e-01   4.24198632e-01]\n",
      " [  7.15065928e-01   7.15065928e-01   5.27804353e-01   5.37349034e-01\n",
      "    4.33514743e-01   7.80016062e-01   4.30277650e-01   5.58814227e-01\n",
      "    5.39492336e-01   0.00000000e+00   4.52583629e-01   7.61774189e-01\n",
      "    5.40325063e-01   7.32160026e-01   5.21689734e-01   8.11859165e-01\n",
      "    5.94851604e-01   6.95883231e-01   7.48369358e-01   4.53968569e-01\n",
      "    7.95399738e-01   4.06342044e-01   4.09502825e-01   6.71809510e-01\n",
      "    4.05462910e-01   6.33871937e-01   5.73450535e-01   5.93074897e-01\n",
      "    3.51212571e-01   6.13695960e-01   3.44528202e-01]\n",
      " [  6.19152106e-01   6.19152106e-01   3.84342480e-01   4.14502404e-01\n",
      "    1.87457583e-01   6.51942842e-01   2.94186725e-01   7.47327010e-01\n",
      "    2.25270302e-01   4.52583629e-01   0.00000000e+00   6.34112923e-01\n",
      "    6.44941867e-01   5.97985758e-01   2.82696670e-01   8.11970873e-01\n",
      "    4.49857270e-01   4.48538809e-01   5.72550849e-01   3.60339378e-01\n",
      "    6.85080186e-01   5.48555136e-01   4.47848589e-01   3.78909807e-01\n",
      "    5.65070460e-01   6.31438033e-01   1.69115720e-01   6.33708672e-01\n",
      "    7.59568500e-01   3.12620226e-01   3.74991786e-01]\n",
      " [  5.97668380e-01   5.97668380e-01   8.09714108e-01   5.87421852e-01\n",
      "    6.70111071e-01   5.55673918e-01   7.31763301e-01   7.76355384e-01\n",
      "    6.05243587e-01   7.61774189e-01   6.34112923e-01   0.00000000e+00\n",
      "    8.00810702e-01   6.25837956e-01   5.89632479e-01   5.00860130e-01\n",
      "    7.57228704e-01   6.66207933e-01   1.86955359e-01   6.90083662e-01\n",
      "    7.93137044e-01   7.83707105e-01   5.65544422e-01   7.40587929e-01\n",
      "    8.16577534e-01   8.45213333e-01   7.80026658e-01   8.17908394e-01\n",
      "    8.08310997e-01   6.95752854e-01   6.49304577e-01]\n",
      " [  6.25136199e-01   6.25136199e-01   5.67597733e-01   6.65447418e-01\n",
      "    6.65704978e-01   7.34129138e-01   5.99816810e-01   7.54484348e-01\n",
      "    7.16216476e-01   5.40325063e-01   6.44941867e-01   8.00810702e-01\n",
      "    0.00000000e+00   7.92181267e-01   7.26902540e-01   8.13459894e-01\n",
      "    5.90826734e-01   7.02686556e-01   8.24313406e-01   6.42245831e-01\n",
      "    6.20312760e-01   6.06376160e-01   6.25654864e-01   7.19974844e-01\n",
      "    7.51859358e-01   6.92076359e-01   6.46122179e-01   6.79285509e-01\n",
      "    6.22917474e-01   6.44412125e-01   6.21579132e-01]\n",
      " [  6.85830437e-01   6.85830437e-01   7.53896055e-01   4.06709881e-01\n",
      "    6.58153158e-01   6.56119135e-01   6.70763766e-01   7.83591410e-01\n",
      "    6.33298039e-01   7.32160026e-01   5.97985758e-01   6.25837956e-01\n",
      "    7.92181267e-01   0.00000000e+00   5.52716902e-01   7.19232064e-01\n",
      "    6.20402026e-01   7.14462713e-01   5.73101365e-01   7.18246631e-01\n",
      "    7.67955075e-01   5.74255755e-01   7.28058448e-01   6.86456499e-01\n",
      "    7.66956517e-01   7.65545072e-01   6.52231923e-01   7.84724197e-01\n",
      "    7.27392736e-01   6.86119928e-01   5.84462409e-01]\n",
      " [  5.93038821e-01   5.93038821e-01   5.61492583e-01   6.62350785e-01\n",
      "    3.74497979e-01   4.68366309e-01   5.18576137e-01   7.88897364e-01\n",
      "    3.42843268e-01   5.21689734e-01   2.82696670e-01   5.89632479e-01\n",
      "    7.26902540e-01   5.52716902e-01   0.00000000e+00   7.86150119e-01\n",
      "    6.45725227e-01   7.07962568e-01   4.27500968e-01   5.78048766e-01\n",
      "    7.28677884e-01   6.81769867e-01   5.13463586e-01   7.25519688e-01\n",
      "    5.92144736e-01   8.18486067e-01   5.44313959e-01   8.50849430e-01\n",
      "    7.97967005e-01   6.70763961e-01   4.75851417e-01]\n",
      " [  7.54842755e-01   7.54842755e-01   8.90336680e-01   6.37840062e-01\n",
      "    8.47258695e-01   5.61060430e-01   7.15654487e-01   8.78970926e-01\n",
      "    7.94181161e-01   8.11859165e-01   8.11970873e-01   5.00860130e-01\n",
      "    8.13459894e-01   7.19232064e-01   7.86150119e-01   0.00000000e+00\n",
      "    7.15201688e-01   8.07021446e-01   5.88965862e-01   8.06036604e-01\n",
      "    8.83006197e-01   8.01957649e-01   7.35149580e-01   7.75771360e-01\n",
      "    8.32202338e-01   6.91511678e-01   7.44536179e-01   8.17871731e-01\n",
      "    7.68559922e-01   8.28715122e-01   7.05647281e-01]\n",
      " [  5.22272650e-01   5.22272650e-01   6.14902236e-01   5.34480754e-01\n",
      "    5.19052877e-01   7.54499153e-01   5.12910623e-01   7.36158687e-01\n",
      "    4.79059619e-01   5.94851604e-01   4.49857270e-01   7.57228704e-01\n",
      "    5.90826734e-01   6.20402026e-01   6.45725227e-01   7.15201688e-01\n",
      "    0.00000000e+00   6.25565990e-01   7.65506737e-01   5.58651169e-01\n",
      "    6.50542757e-01   5.76202089e-01   6.05823885e-01   5.69417907e-01\n",
      "    6.13074157e-01   5.12821124e-01   4.32116624e-01   7.11625454e-01\n",
      "    8.00731219e-01   5.95096427e-01   5.53882415e-01]\n",
      " [  7.93444270e-01   7.93444270e-01   4.71576459e-01   4.77711232e-01\n",
      "    2.66355430e-01   6.50101247e-01   2.61012958e-01   7.95175617e-01\n",
      "    3.23126232e-01   6.95883231e-01   4.48538809e-01   6.66207933e-01\n",
      "    7.02686556e-01   7.14462713e-01   7.07962568e-01   8.07021446e-01\n",
      "    6.25565990e-01   0.00000000e+00   6.89390848e-01   3.99937306e-01\n",
      "    5.79914189e-01   6.05594458e-01   6.21573861e-01   2.08667171e-01\n",
      "    7.63893439e-01   6.64564217e-01   5.06663111e-01   5.98316801e-01\n",
      "    7.62559182e-01   2.37416126e-01   5.22283645e-01]\n",
      " [  4.83051942e-01   4.83051942e-01   8.06486991e-01   5.54396274e-01\n",
      "    6.53688134e-01   4.36681706e-01   7.58126302e-01   8.19322169e-01\n",
      "    5.56664010e-01   7.48369358e-01   5.72550849e-01   1.86955359e-01\n",
      "    8.24313406e-01   5.73101365e-01   4.27500968e-01   5.88965862e-01\n",
      "    7.65506737e-01   6.89390848e-01   0.00000000e+00   7.35798875e-01\n",
      "    7.62022086e-01   7.90307958e-01   7.11214952e-01   7.61815966e-01\n",
      "    7.99927153e-01   8.34801141e-01   7.27518446e-01   8.08200886e-01\n",
      "    8.13492927e-01   7.26651470e-01   5.99482532e-01]\n",
      " [  7.41869796e-01   7.41869796e-01   3.53547972e-01   4.83816830e-01\n",
      "    2.53967730e-01   7.87420678e-01   2.91333671e-01   6.55804297e-01\n",
      "    4.06158015e-01   4.53968569e-01   3.60339378e-01   6.90083662e-01\n",
      "    6.42245831e-01   7.18246631e-01   5.78048766e-01   8.06036604e-01\n",
      "    5.58651169e-01   3.99937306e-01   7.35798875e-01   0.00000000e+00\n",
      "    6.69806026e-01   5.37590790e-01   4.78274869e-01   4.24153132e-01\n",
      "    5.08309687e-01   6.83656175e-01   4.45252553e-01   5.00091633e-01\n",
      "    6.99701479e-01   3.87951997e-01   3.97063545e-01]\n",
      " [  3.83251731e-01   3.83251731e-01   7.70930756e-01   7.40973392e-01\n",
      "    7.00575504e-01   5.61506962e-01   6.53482636e-01   8.93703924e-01\n",
      "    6.92877716e-01   7.95399738e-01   6.85080186e-01   7.93137044e-01\n",
      "    6.20312760e-01   7.67955075e-01   7.28677884e-01   8.83006197e-01\n",
      "    6.50542757e-01   5.79914189e-01   7.62022086e-01   6.69806026e-01\n",
      "    0.00000000e+00   7.39502856e-01   7.43029983e-01   7.10856454e-01\n",
      "    8.52063623e-01   8.03874070e-01   7.43361101e-01   8.40375356e-01\n",
      "    8.35079336e-01   6.19041278e-01   7.60892161e-01]\n",
      " [  7.39684761e-01   7.39684761e-01   5.97395817e-01   4.45140696e-01\n",
      "    5.05302911e-01   8.06108791e-01   4.36110522e-01   5.97286056e-01\n",
      "    6.13334928e-01   4.06342044e-01   5.48555136e-01   7.83707105e-01\n",
      "    6.06376160e-01   5.74255755e-01   6.81769867e-01   8.01957649e-01\n",
      "    5.76202089e-01   6.05594458e-01   7.90307958e-01   5.37590790e-01\n",
      "    7.39502856e-01   0.00000000e+00   4.81631731e-01   5.82891559e-01\n",
      "    6.13068907e-01   4.15831159e-01   5.85689436e-01   5.46679648e-01\n",
      "    5.26150647e-01   5.63374044e-01   4.06392200e-01]\n",
      " [  7.37300452e-01   7.37300452e-01   5.43982489e-01   6.21718263e-01\n",
      "    4.36921621e-01   6.50586714e-01   5.30975438e-01   5.75073643e-01\n",
      "    5.19641376e-01   4.09502825e-01   4.47848589e-01   5.65544422e-01\n",
      "    6.25654864e-01   7.28058448e-01   5.13463586e-01   7.35149580e-01\n",
      "    6.05823885e-01   6.21573861e-01   7.11214952e-01   4.78274869e-01\n",
      "    7.43029983e-01   4.81631731e-01   0.00000000e+00   6.67106080e-01\n",
      "    4.24120362e-01   7.00777998e-01   5.75851316e-01   6.32608061e-01\n",
      "    6.19797712e-01   5.49240006e-01   4.71690517e-01]\n",
      " [  8.14384436e-01   8.14384436e-01   4.89890815e-01   4.36791662e-01\n",
      "    2.86321920e-01   8.31123971e-01   2.92671660e-01   8.13769971e-01\n",
      "    3.22557304e-01   6.71809510e-01   3.78909807e-01   7.40587929e-01\n",
      "    7.19974844e-01   6.86456499e-01   7.25519688e-01   7.75771360e-01\n",
      "    5.69417907e-01   2.08667171e-01   7.61815966e-01   4.24153132e-01\n",
      "    7.10856454e-01   5.82891559e-01   6.67106080e-01   0.00000000e+00\n",
      "    7.51496460e-01   6.02831752e-01   4.04429467e-01   6.27077582e-01\n",
      "    7.86097540e-01   2.04251753e-01   4.88842575e-01]\n",
      " [  8.08798370e-01   8.08798370e-01   5.67541827e-01   6.48626672e-01\n",
      "    4.71875629e-01   7.24354553e-01   6.05508408e-01   4.84106113e-01\n",
      "    6.45282472e-01   4.05462910e-01   5.65070460e-01   8.16577534e-01\n",
      "    7.51859358e-01   7.66956517e-01   5.92144736e-01   8.32202338e-01\n",
      "    6.13074157e-01   7.63893439e-01   7.99927153e-01   5.08309687e-01\n",
      "    8.52063623e-01   6.13068907e-01   4.24120362e-01   7.51496460e-01\n",
      "    0.00000000e+00   6.79548412e-01   6.30313873e-01   7.18862382e-01\n",
      "    6.50474723e-01   6.26751188e-01   6.37185378e-01]\n",
      " [  8.35949075e-01   8.35949075e-01   7.30847848e-01   5.40488642e-01\n",
      "    6.41256351e-01   8.19715220e-01   5.79818032e-01   7.76953384e-01\n",
      "    7.08531820e-01   6.33871937e-01   6.31438033e-01   8.45213333e-01\n",
      "    6.92076359e-01   7.65545072e-01   8.18486067e-01   6.91511678e-01\n",
      "    5.12821124e-01   6.64564217e-01   8.34801141e-01   6.83656175e-01\n",
      "    8.03874070e-01   4.15831159e-01   7.00777998e-01   6.02831752e-01\n",
      "    6.79548412e-01   0.00000000e+00   5.49231594e-01   7.18330877e-01\n",
      "    6.91069763e-01   5.99347689e-01   6.41238595e-01]\n",
      " [  7.13782581e-01   7.13782581e-01   4.56682665e-01   3.59537054e-01\n",
      "    3.49211622e-01   7.93693938e-01   3.46645111e-01   8.00497658e-01\n",
      "    4.13474954e-01   5.73450535e-01   1.69115720e-01   7.80026658e-01\n",
      "    6.46122179e-01   6.52231923e-01   5.44313959e-01   7.44536179e-01\n",
      "    4.32116624e-01   5.06663111e-01   7.27518446e-01   4.45252553e-01\n",
      "    7.43361101e-01   5.85689436e-01   5.75851316e-01   4.04429467e-01\n",
      "    6.30313873e-01   5.49231594e-01   0.00000000e+00   6.22188703e-01\n",
      "    8.20478490e-01   3.74892452e-01   5.26070086e-01]\n",
      " [  8.60194455e-01   8.60194455e-01   6.45785411e-01   6.25653208e-01\n",
      "    5.83058861e-01   9.05165697e-01   4.95639210e-01   7.42502997e-01\n",
      "    6.86368896e-01   5.93074897e-01   6.33708672e-01   8.17908394e-01\n",
      "    6.79285509e-01   7.84724197e-01   8.50849430e-01   8.17871731e-01\n",
      "    7.11625454e-01   5.98316801e-01   8.08200886e-01   5.00091633e-01\n",
      "    8.40375356e-01   5.46679648e-01   6.32608061e-01   6.27077582e-01\n",
      "    7.18862382e-01   7.18330877e-01   6.22188703e-01   0.00000000e+00\n",
      "    6.24091205e-01   5.97321987e-01   5.54475698e-01]\n",
      " [  7.94583336e-01   7.94583336e-01   7.57277852e-01   6.44839345e-01\n",
      "    7.27839325e-01   8.18744412e-01   6.62145791e-01   4.53778135e-01\n",
      "    7.89674668e-01   3.51212571e-01   7.59568500e-01   8.08310997e-01\n",
